4880
4928
4992
5120
5168
5184
5216
5232
5248
5280
5328
5360
5376
5392
5408
5424
5440
5456
5472
5488
5504
5520
5536
5552
5568
5584
5600
5616
5632
5648
5664
5680
5696
5712
5728
5744
5760
5776
5792
5808
5824
5840
5856
5872
5888
5904
5920
5936
5952
5968
5984
6000
6016
6032
6048
6064
6080
6096
6112
6128
6144
6160
6176
6192
6208
6224
6240
6256
6272
6288
6304
6320
6336
6352
6368
6384
6400
6416
6432
6448
6464
6480
6496
6512
6528
6544
6560
6576
6592
6608
6624
6640
6656
6672
6688
6704
6720
6736
6752
6768
6784
6800
6816
6832
6848
6864
6880
6896
6912
6928
6944
6960
6976
6992
7008
7024
7040
7056
7072
7088
7104
7120
7136
7152
7168
7184
7200
7216
7232
7248
7264
7280
7296
7312
7328
7344
7360
7376
7392
7408
7424
7440
7456
7472
7488
7504
7520
7536
7552
7568
7584
7600
7616
7632
7648
7664
7680
7696
7712
7728
7744
7760
7776
7792
7808
7824
7840
7856
7872
7888
7904
7920
7936
7952
7968
7984
8000
8016
8032
8048
8064
8080
8096
8112
8128
8144
8160
8176
8192
8208
8224
8240
8256
8272
8288
8304
8320
8336
8352
8368
8384
8400
8416
8432
8448
8464
8480
8496
8512
8528
8544
8560
8576
8592
8608
8624
8640
8656
8672
8688
8704
8720
8736
8752
8768
8784
8800
8816
8832
8848
8864
8880
8896
8912
8928
8944
8960
8976
8992
9008
9024
9040
9056
9072
9088
9104
9120
9136
9152
9168
9184
9200
9216
9232
9248
9264
9280
9296
9312
9328
9344
9360
9376
9392
9408
9424
9440
9456
9472
9488
9504
9520
9536
9552
9568
9584
9600
9616
9632
9648
9664
9680
9696
9712
9728
9744
9760
9776
9792
9808
9824
9840
9856
9872
9888
9904
9920
9936
9952
9968
9984
10000
10016
10032
10048
10064
10080
10096
10112
10128
10144
10160
10176
10192
10208
10224
10240
10256
10272
10288
10304
10320
10336
10352
10368
10384
10400
10432
10464
10496
10528
10560
10592
10624
10656
10688
10720
10752
10784
10816
10848
10880
10912
10944
11040
11136
11520
