38088
38880
38916
39006
39096
39114
39366
39510
39690
39816
39942
39996
40032
40086
40140
40176
40266
40284
40320
40392
40446
40464
40482
40500
40536
40554
40608
40626
40698
40734
40770
40806
40860
40878
40896
40914
40968
41004
41022
41040
41076
41112
41148
41202
41220
41238
41256
41292
41328
41346
41364
41400
41418
41436
41454
41472
41490
41508
41526
41562
41580
41616
41634
41652
41670
41688
41706
41724
41742
41760
41778
41796
41814
41832
41850
41868
41886
41904
41922
41940
41958
41976
41994
42012
42030
42048
42066
42084
42102
42120
42138
42156
42174
42192
42210
42228
42246
42264
42282
42300
42318
42336
42354
42372
42390
42408
42426
42444
42462
42480
42498
42516
42534
42552
42570
42588
42606
42624
42642
42660
42678
42696
42714
42732
42750
42768
42786
42804
42822
42840
42858
42876
42894
42912
42930
42948
42966
42984
43002
43020
43038
43056
43074
43092
43110
43128
43146
43164
43182
43200
43218
43236
43254
43272
43290
43308
43326
43344
43362
43380
43398
43416
43434
43452
43470
43488
43506
43524
43542
43560
43578
43596
43614
43632
43650
43668
43686
43704
43722
43740
43758
43776
43794
43812
43830
43848
43866
43884
43902
43920
43938
43956
43974
43992
44010
44028
44046
44064
44082
44100
44118
44136
44154
44172
44190
44208
44226
44244
44262
44280
44298
44316
44334
44352
44370
44388
44406
44424
44442
44460
44478
44496
44514
44532
44550
44568
44586
44604
44622
44640
44658
44676
44694
44712
44730
44748
44766
44784
44802
44820
44838
44856
44874
44892
44910
44928
44946
44964
44982
45000
45018
45036
45054
45072
45090
45108
45126
45144
45162
45180
45198
45216
45234
45252
45270
45288
45306
45324
45342
45360
45378
45396
45414
45432
45450
45468
45486
45504
45522
45540
45558
45576
45594
45612
45630
45648
45666
45684
45702
45720
45738
45756
45774
45792
45810
45828
45846
45864
45882
45900
45918
45936
45954
45972
45990
46008
46026
46044
46062
46080
46098
46116
46134
46152
46170
46188
46206
46224
46242
46260
46278
46296
46314
46332
46350
46368
46386
46404
46422
46440
46458
46476
46494
46512
46530
46548
46566
46584
46602
46620
46638
46656
46674
46692
46710
46728
46746
46764
46782
46800
46818
46836
46854
46872
46890
46908
46926
46944
46962
46980
46998
47016
47034
47052
47070
47088
47106
47124
47142
47160
47178
47196
47214
47232
47250
47268
47286
47304
47322
47340
47358
47376
47394
47412
47430
47448
47466
47484
47502
47520
47538
47556
47574
47592
47610
47628
47646
47664
47682
47700
47718
47736
47754
47772
47790
47808
47826
47844
47862
47880
47898
47916
47934
47952
47970
47988
48006
48024
48042
48060
48078
48096
48114
48132
48150
48168
48186
48204
48222
48240
48258
48276
48294
48312
48330
48348
48366
48384
48402
48420
48438
48456
48474
48492
48510
48528
48546
48564
48582
48600
48618
48636
48654
48672
48690
48708
48726
48744
48762
48780
48798
48816
48834
48852
48870
48888
48906
48924
48942
48960
48978
48996
49014
49032
49050
49068
49086
49104
49122
49140
49158
49176
49194
49212
49230
49248
49266
49284
49302
49320
49338
49356
49374
49392
49410
49428
49446
49464
49482
49500
49518
49536
49554
49572
49590
49608
49626
49644
49662
49680
49698
49716
49734
49752
49770
49788
49806
49824
49842
49860
49878
49896
49914
49932
49950
49968
49986
50004
50022
50040
50058
50076
50094
50112
50130
50148
50166
50184
50202
50220
50238
50256
50274
50292
50310
50328
50346
50364
50382
50400
50418
50436
50454
50472
50490
50508
50526
50544
50562
50580
50598
50616
50634
50652
50670
50688
50706
50724
50742
50760
50778
50796
50814
50832
50850
50868
50886
50904
50922
50940
50958
50976
50994
51012
51030
51048
51066
51084
51102
51120
51138
51156
51174
51192
51210
51228
51246
51264
51282
51300
51318
51336
51354
51372
51390
51408
51426
51444
51462
51480
51498
51516
51534
51552
51570
51588
51606
51624
51642
51660
51678
51696
51714
51732
51750
51768
51786
51804
51822
51840
51858
51876
51894
51912
51930
51948
51966
51984
52002
52020
52038
52056
52074
52092
52110
52128
52146
52164
52182
52200
52218
52236
52254
52272
52290
52308
52326
52344
52362
52380
52398
52416
52434
52452
52470
52488
52506
52524
52542
52560
52578
52596
52614
52632
52650
52668
52686
52704
52722
52740
52758
52776
52794
52812
52830
52848
52866
52884
52902
52920
52938
52956
52974
52992
53010
53028
53046
53064
53082
53100
53118
53136
53154
53172
53190
53208
53226
53244
53262
53280
53298
53316
53334
53352
53370
53388
53406
53424
53442
53460
53478
53496
53514
53532
53550
53568
53586
53604
53622
53640
53658
53676
53694
53712
53730
53748
53766
53784
53802
53820
53838
53856
53874
53892
53910
53928
53946
53964
53982
54000
54018
54036
54054
54072
54090
54108
54126
54144
54162
54180
54198
54216
54234
54252
54270
54288
54306
54324
54342
54360
54378
54396
54414
54432
54450
54468
54486
54504
54522
54540
54558
54576
54594
54612
54630
54648
54666
54684
54702
54720
54738
54756
54774
54792
54810
54828
54846
54864
54882
54900
54918
54936
54954
54972
54990
55008
55026
55044
55062
55080
55098
55116
55134
55152
55170
55188
55206
55224
55242
55260
55278
55296
55314
55332
55350
55368
55386
55404
55422
55440
55458
55476
55494
55512
55530
55548
55566
55584
55602
55620
55638
55656
55674
55692
55710
55728
55746
55764
55782
55800
55818
55836
55854
55872
55890
55908
55926
55944
55962
55980
55998
56016
56034
56052
56070
56088
56106
56124
56142
56160
56178
56196
56214
56232
56250
56268
56286
56304
56322
56340
56358
56376
56394
56412
56430
56448
56466
56484
56502
56520
56538
56556
56574
56592
56610
56628
56646
56664
56682
56700
56718
56736
56754
56772
56790
56808
56826
56844
56862
56880
56898
56916
56934
56952
56970
56988
57006
57024
57042
57060
57078
57096
57114
57132
57150
57168
57186
57204
57222
57240
57258
57276
57294
57312
57330
57348
57366
57384
57402
57420
57438
57456
57474
57492
57510
57528
57546
57564
57582
57600
57618
57636
57654
57672
57690
57708
57726
57744
57762
57780
57798
57816
57834
57852
57870
57888
57906
57924
57942
57960
57978
57996
58014
58032
58050
58068
58086
58104
58122
58140
58158
58176
58194
58212
58230
58248
58266
58284
58302
58320
58338
58356
58374
58392
58410
58428
58446
58464
58482
58500
58518
58536
58554
58572
58590
58608
58626
58644
58662
58680
58698
58716
58734
58752
58770
58788
58806
58824
58842
58860
58878
58896
58914
58932
58950
58968
58986
59004
59022
59040
59058
59076
59094
59112
59130
59148
59166
59184
59202
59220
59238
59256
59274
59292
59310
59328
59346
59364
59382
59400
59418
59436
59454
59472
59490
59508
59526
59544
59562
59580
59598
59616
59634
59652
59670
59688
59706
59724
59742
59760
59778
59796
59814
59832
59850
59868
59886
59904
59922
59940
59958
59976
59994
60012
60030
60048
60066
60084
60102
60120
60138
60156
60174
60192
60210
60228
60246
60264
60282
60300
60318
60336
60354
60372
60390
60408
60426
60444
60462
60480
60498
60516
60534
60552
60570
60588
60606
60624
60642
60660
60678
60696
60714
60732
60750
60768
60786
60804
60822
60840
60858
60876
60894
60912
60930
60948
60966
60984
61002
61020
61038
61056
61074
61092
61110
61128
61146
61164
61182
61200
61218
61236
61254
61272
61290
61308
61326
61344
61362
61380
61398
61416
61434
61452
61470
61488
61506
61524
61542
61560
61578
61596
61614
61632
61650
61668
61686
61704
61722
61740
61758
61776
61794
61812
61830
61848
61866
61884
61902
61920
61938
61956
61974
61992
62010
62028
62046
62064
62082
62100
62118
62136
62154
62172
62190
62208
62226
62244
62262
62280
62298
62316
62334
62352
62370
62388
62406
62424
62442
62460
62478
62496
62514
62532
62550
62568
62586
62604
62622
62640
62658
62676
62694
62712
62730
62748
62766
62784
62802
62820
62838
62856
62874
62892
62910
62928
62946
62964
62982
63000
63018
63036
63054
63072
63090
63108
63126
63144
63162
63180
63198
63216
63234
63252
63270
63288
63306
63324
63342
63360
63378
63396
63414
63432
63450
63468
63486
63504
63522
63540
63558
63576
63594
63612
63630
63648
63666
63684
63702
63720
63738
63756
63774
63792
63810
63828
63846
63864
63882
63900
63918
63936
63954
63972
63990
64008
64026
64044
64062
64080
64098
64116
64134
64152
64170
64188
64206
64224
64242
64260
64278
64296
64314
64332
64350
64368
64386
64404
64422
64440
64458
64476
64494
64512
64530
64548
64566
64584
64602
64620
64638
64656
64674
64692
64710
64728
64746
64764
64782
64800
64818
64836
64854
64872
64890
64908
64926
64944
64962
64980
64998
65016
65034
65052
65070
65088
65106
65124
65142
65160
65178
65196
65214
65232
65250
65268
65286
65304
65322
65340
65358
65376
65394
65412
65430
65448
65466
65484
65502
65520
65538
65556
65574
65592
65610
65628
65646
65664
65682
65700
65718
65736
65754
65772
65790
65808
65826
65844
65862
65880
65898
65916
65934
65952
65970
65988
66006
66024
66042
66060
66078
66096
66114
66132
66150
66168
66186
66204
66222
66240
66258
66276
66294
66312
66330
66348
66366
66384
66402
66420
66438
66456
66474
66492
66510
66528
66546
66564
66582
66600
66618
66636
66654
66672
66690
66708
66726
66744
66762
66780
66798
66816
66834
66852
66870
66888
66906
66924
66942
66960
66978
66996
67014
67032
67050
67068
67086
67104
67122
67140
67158
67176
67194
67212
67230
67248
67266
67284
67302
67320
67338
67356
67374
67392
67410
67428
67446
67464
67482
67500
67518
67536
67554
67572
67590
67608
67626
67644
67662
67680
67698
67716
67734
67752
67770
67788
67806
67824
67842
67860
67878
67896
67914
67932
67950
67968
67986
68004
68022
68040
68058
68076
68094
68112
68130
68148
68166
68184
68202
68220
68238
68256
68274
68292
68310
68328
68346
68364
68382
68400
68418
68436
68454
68472
68490
68508
68526
68544
68562
68580
68598
68616
68634
68652
68670
68688
68706
68724
68742
68760
68778
68796
68814
68832
68850
68868
68886
68904
68922
68940
68958
68976
68994
69012
69030
69048
69066
69084
69102
69120
69138
69156
69174
69192
69210
69228
69246
69264
69282
69300
69318
69336
69354
69372
69390
69408
69426
69444
69462
69480
69498
69516
69534
69552
69570
69588
69606
69624
69642
69660
69678
69696
69714
69732
69750
69768
69786
69804
69822
69840
69858
69876
69894
69912
69930
69948
69966
69984
70002
70020
70038
70056
70074
70092
70110
70128
70146
70164
70182
70200
70218
70236
70254
70272
70290
70308
70326
70344
70362
70380
70398
70416
70434
70452
70470
70488
70506
70524
70542
70560
70578
70596
70614
70632
70650
70668
70686
70704
70722
70740
70758
70776
70794
70812
70830
70848
70866
70884
70902
70920
70938
70956
70974
70992
71010
71028
71046
71064
71082
71100
71118
71136
71154
71172
71190
71208
71226
71244
71262
71280
71298
71316
71334
71352
71370
71388
71406
71424
71442
71460
71478
71496
71514
71532
71550
71568
71586
71604
71622
71640
71658
71676
71694
71712
71730
71748
71766
71784
71802
71820
71838
71856
71874
71892
71910
71928
71946
71964
71982
72000
72018
72036
72054
72072
72090
72108
72126
72144
72162
72180
72198
72216
72234
72252
72270
72288
72306
72324
72342
72360
72378
72396
72414
72432
72450
72468
72486
72504
72522
72540
72558
72576
72594
72612
72630
72648
72666
72684
72702
72720
72738
72756
72774
72792
72810
72828
72846
72864
72882
72900
72918
72936
72954
72972
72990
73008
73026
73044
73062
73080
73098
73116
73134
73152
73170
73188
73206
73224
73242
73260
73278
73296
73314
73332
73350
73368
73386
73404
73422
73440
73458
73476
73494
73512
73530
73548
73566
73584
73602
73620
73638
73656
73674
73692
73710
73728
73746
73764
73782
73800
73818
73836
73854
73872
73890
73908
73926
73944
73962
73980
73998
74016
74034
74052
74070
74088
74106
74124
74142
74160
74178
74196
74214
74232
74250
74268
74286
74304
74322
74340
74358
74376
74394
74412
74430
74448
74466
74484
74502
74520
74538
74556
74574
74592
74610
74628
74646
74664
74682
74700
74718
74736
74754
74772
74790
74808
74826
74844
74862
74880
74898
74916
74934
74952
74970
74988
75006
75024
75042
75060
75078
75096
75114
75132
75150
75168
75186
75204
75222
75240
75258
75276
75294
75312
75330
75348
75366
75384
75402
75420
75438
75456
75474
75492
75510
75528
75546
75564
75582
75600
75618
75636
75654
75672
75690
75708
75726
75744
75762
75780
75798
75816
75834
75852
75870
75888
75906
75924
75942
75960
75978
75996
76014
76032
76050
76068
76086
76104
76122
76140
76158
76176
76194
76212
76230
76248
76266
76284
76302
76320
76338
76356
76374
76392
76410
76428
76446
76464
76482
76500
76518
76536
76554
76572
76590
76608
76626
76644
76662
76680
76698
76716
76734
76752
76770
76788
76806
76824
76842
76860
76878
76896
76914
76932
76950
76968
76986
77004
77022
77040
77058
77076
77094
77112
77130
77148
77166
77184
77202
77220
77238
77256
77274
77292
77310
77328
77346
77364
77382
77400
77418
77436
77454
77472
77490
77508
77526
77544
77562
77580
77598
77616
77634
77652
77670
77688
77724
77742
77760
77778
77796
77814
77832
77850
77868
77886
77904
77922
77940
77958
77976
77994
78012
78030
78048
78066
78084
78102
78120
78156
78174
78192
78210
78228
78246
78264
78282
78300
78318
78336
78354
78372
78408
78426
78444
78462
78480
78498
78516
78534
78552
78570
78588
78606
78624
78642
78660
78678
78696
78714
78732
78750
78768
78786
78804
78822
78840
78858
78876
78894
78912
78930
78948
78966
78984
79002
79020
79038
79056
79074
79092
79110
79128
79146
79164
79182
79200
79218
79236
79254
79272
79290
79308
79326
79344
79380
79398
79416
79452
79470
79488
79506
79524
79542
79560
79578
79596
79614
79632
79650
79668
79686
79704
79722
79740
79776
79794
79812
79830
79848
79866
79884
79902
79920
79938
79956
79974
79992
80010
80028
80046
80064
80100
80118
80136
80154
80172
80208
80226
80244
80280
80298
80316
80334
80352
80370
80388
80406
80424
80442
80460
80496
80532
80568
80586
80604
80622
80640
80658
80676
80694
80712
80730
80748
80784
80802
80820
80856
80874
80892
80910
80928
80946
80964
80982
81000
81018
81036
81072
81108
81126
81144
81162
81180
81216
81252
81270
81288
81324
81342
81360
81396
81432
81450
81468
81486
81504
81522
81540
81558
81576
81612
81648
81684
81702
81720
81756
81774
81792
81810
81828
81864
81882
81900
81918
81936
81972
81990
82008
82044
82080
82116
82152
82188
82224
82260
82296
82314
82332
82350
82368
82404
82440
82458
82494
82512
82548
82584
82602
82620
82638
82656
82692
82710
82728
82764
82800
82836
82872
82944
82980
83016
83052
83088
83124
83160
83196
83232
83268
83304
83322
83376
83412
83448
83484
83520
83592
83628
83664
83700
83736
83808
83844
83880
83916
83988
84024
84060
84096
84168
84240
84348
84384
84420
84456
84492
84672
84708
84744
84780
84816
84852
84888
84924
84960
84996
85068
85104
85284
85320
85428
85536
85572
85608
85644
85680
85752
85860
85896
85932
85968
86112
86184
86220
86400
86508
86616
86760
86832
86940
87048
87156
87264
87480
87588
87696
88128
88560
90720
